Ring_Number	Year	Time_capt_dec	Temperature_capture	Temp_meandaycapture	Temp_previousdaymean	Temp_3daypreviousrunningmean	Temp_mindaycapture	Temp_previousdaymin	Temp_3daypreviousrunningmin	Temp_maxdaycapture	Temp_previousdaymax	Temp_3daypreviousrunningmax	sex	time_measured_CORT0sec	CORT0	time_measured_CORT30	CORT30
C1X0934	2015	12.53333333	15.772	12.97375	12.62425	12.21225	10.614	8.319	9.698666667	15.963	16.892	14.78733333	2	110	8150.38	1740	35835.87
C1X0934	2016	9	17.463	13.96975	13.61379167	13.48595833	11.127	10.418	10.78433333	19.674	17.724	17.034	2	134	1613.67	1980	12143.25
C1X0935	2015	9.5	13.305	11.9305	15.249375	13.61579167	9.731	8.469	9.134	15.079	20.412	17.75566667	2	200	3569.076	1830	6387.2
C1X0936	2015	10.45	10.712	8.905333333	8.530875	7.509138889	6.864	5.282	5.573333333	11.832	11.102	9.892	2	135	11275.964	1780	33233.04
C1X0940	2015	8.55	15.676	15.249375	12.97375	12.16786111	8.469	10.614	9.373666667	20.412	15.963	15.12966667	2	120	6971.58	2040	30463.84
C1X0940	2016	10.7	14.07	11.20341667	7.300958333	6.372638889	6.306	4.558	4.627333333	15.986	11.248	9.112333333	2	120	11724.09	2040	41110.65
C1X0940	2017	11.03333333	11.42	8.579541667	6.46875	8.018486111	1.398	4.48	6.021666667	15.915	9.089	9.965666667	2	102	5250.09	1808	10732.45
C1X0940	2017	8.416666667	18.3	18.05595833	18.28695833	18.55372222	15.533	15.963	15.49333333	21.676	22.657	22.235	2	180	5539.56	1780	31021.4
C1X0940	2018	11.43333333	14.8	12.95608333	10.84216667	10.31377778	10.051	8.941	8.601	16.415	13.377	12.439	2	80	5477.52	NA	NA
C1X0941	2015	9.916666667	16.987	15.249375	12.97375	12.16786111	8.469	10.614	9.373666667	20.412	15.963	15.12966667	2	240	4328.96	1980	16481.64
C1X0941	2016	11.16666667	13.954	11.793375	7.960791667	11.954125	8.444	5.924	7.469333333	15.724	9.213	16.83433333	2	100	3260.13	2280	7970.25
C1X0942	2015	11.66666667	11.224	8.905333333	8.530875	7.509138889	6.864	5.282	5.573333333	11.832	11.102	9.892	2	150	4009.2	1800	6969.52
C1X0947	2016	9.266666667	16.082	14.30454167	10.87504167	10.33968056	7.268	7.594	7.181666667	20.603	15.247	14.128	1	100	5478.72	1980	18157.65
C1X0947	2017	12	23.1	14.374875	8.579541667	7.763222222	6	1.398	3.814333333	21.987	15.915	11.55366667	1	180	3618.75	1830	12627.85
C1X0947	2017	9.266666667	18.1	18.28695833	20.060625	19.37281944	15.963	14.984	16.08833333	22.657	24.968	22.828	1	160	1925.88	1930	23043.7
C1X0984	2016	11.66666667	12.68	10.87504167	8.940583333	9.148319444	7.594	7.645	6.169666667	15.247	11.151	12.795	1	140	8020.17	2160	18314.75
C1X0984	2017	10.11666667	17.2	14.374875	8.579541667	7.763222222	6	1.398	3.814333333	21.987	15.915	11.55366667	1	138	3745.83	1950	17104.2
C1X0994	2015	9.016666667	17.51	15.32704167	13.09575	13.46544444	8.07	9.903	9.636333333	21.676	17.153	18.033	1	120	5978.728	1800	29184.28
C1X0995	2015	10.5	15.175	13.09575	12.94508333	13.17609722	9.903	10.761	9.398	17.153	16.82	17.70766667	2	90	4436.404	1800	23365.84
C1X0995	2016	9.566666667	13.06	12.93616	13.43716667	13.12297222	11.54	11.37	10.92966667	14.792	16.32	16.19166667	2	110	5453.91	1920	4043.5
C1X0998	2016	10.18333333	6.281	5.767125	6.049833333	8.514083333	4.506	4.818	6.782	8.369	7.72	10.388	1	140	4385.85	2100	31607.2
C3F8086	2015	9.1	16.677	17.133625	18.66754167	15.69677778	14.361	10.736	9.569666667	20.984	25.258	21.36233333	1	110	5394.284	1800	22797.12
C3F8086	2016	11.5	16.88	13.39191667	16.498	17.13563889	11.54	12.944	13.008	17.391	22.058	21.79566667	1	110	2256.09	1860	8417.5
C3F8101	2016	9.95	7.242	7.300958333	5.767125	7.122888889	4.558	4.506	5.337	11.248	8.369	9.177333333	1	200	10823.1	2040	12537.15
C3F8101	2017	9.516666667	8.7	9.161791667	8.282375	8.350333333	6.408	4.766	4.64	13.016	14.218	13.497	1	180	9511.26	1915	16592.1
C3F8102	2015	12.25	15.15	12.97375	12.62425	12.21225	10.614	8.319	9.698666667	15.963	16.892	14.78733333	1	110	5051.312	1860	69769.72
C3F8102	2016	9.666666667	9.46	9.940708333	10.66229167	13.25304167	8.841	8.792	9.146333333	12.001	12.678	16.95366667	1	180	6094.38	1800	72681.4
C3F8102	2016	8.816666667	17.463	13.96975	13.61379167	13.48595833	11.127	10.418	10.78433333	19.674	17.724	17.034	1	100	3618.27	1860	14946.85
C3F8102	2017	10.33333333	7.6	7.435958333	4.706333333	2.190194444	-1.185	0.55	0.208333333	14.984	10.565	5.155666667	1	210	7698.15	2030	17498.55
C3F8103	2015	11.58333333	13.209	11.78616667	10.11575	9.183986111	9.238	7.268	6.471333333	16.487	13.064	11.99933333	2	180	3934.448	1800	11598.68
C3F8105	2015	10.16666667	17.56	15.249375	12.97375	12.16786111	8.469	10.614	9.373666667	20.412	15.963	15.12966667	2	210	1723.876	1800	12402
C3F8105	2016	8.25	5.975	5.767125	6.049833333	8.514083333	4.506	4.818	6.782	8.369	7.72	10.388	2	120	7655.13	1980	56621.8
C3F8106	2015	12.41666667	19.746	15.249375	12.97375	12.16786111	8.469	10.614	9.373666667	20.412	15.963	15.12966667	1	136	14811.244	1620	39122.76
C3F8107	2015	10.11666667	17.56	15.249375	12.97375	12.16786111	8.469	10.614	9.373666667	20.412	15.963	15.12966667	1	148	7015.54	1800	6772.36
C3F8109	2015	8.666666667	10.907	12.97375	12.62425	12.21225	10.614	8.319	9.698666667	15.963	16.892	14.78733333	2	100	28361.424	1800	45089.12
C3F8109	2016	10.38333333	14.91	13.43716667	12.53983333	14.14325	11.37	9.879	11.45433333	16.32	14.864	18.10433333	2	120	6464.1	1980	22906.5
C3F8110	2015	8.383333333	10.34	12.62425	10.90558333	13.715375	8.319	9.188	11.71266667	16.892	12.534	16.15133333	2	150	11907.42	1800	55779.584
C3F8111	2015	11.55	11.224	8.905333333	8.530875	7.509138889	6.864	5.282	5.573333333	11.832	11.102	9.892	1	150	12815.712	1800	24357.32
C3F8112	2015	11.28333333	14.6	12.62425	10.90558333	13.715375	8.319	9.188	11.71266667	16.892	12.534	16.15133333	1	150	3230.752	1800	10779.44
C3F8114	2015	11.73333333	13.04	13.10691667	17.133625	17.04273611	11.589	14.361	11.05566667	14.936	20.984	22.63933333	2	90	5016.9	1800	40759.88
C3F8114	2016	10.63333333	11.72	10.87504167	8.940583333	9.148319444	7.594	7.645	6.169666667	15.247	11.151	12.795	2	160	10359.36	1920	31208.45
C3F8114	2017	10.48333333	8.64	9.161791667	8.282375	8.350333333	6.408	4.766	4.64	13.016	14.218	13.497	2	113	4000.65	1803	24376.7
C3F8115	2015	10.56666667	12.243	11.78616667	10.11575	9.183986111	9.238	7.268	6.471333333	16.487	13.064	11.99933333	2	150	6306.244	1800	29579.48
C3F8116	2015	12.66666667	11.321	8.905333333	8.530875	7.509138889	6.864	5.282	5.573333333	11.832	11.102	9.892	1	110	2208.556	1980	15407.92
C3F8117	2015	12.5	19.746	15.249375	12.97375	12.16786111	8.469	10.614	9.373666667	20.412	15.963	15.12966667	2	150	4620.83052	1800	24818.472
C3F8117	2016	9.666666667	7.19	7.300958333	5.767125	7.122888889	4.558	4.506	5.337	11.248	8.369	9.177333333	2	190	19219.08	1800	12885.45
C3F8118	2015	9.45	18.271	17.133625	18.66754167	15.69677778	14.361	10.736	9.569666667	20.984	25.258	21.36233333	2	120	12542.4	1800	11800.48
C3F8119	2015	10.78333333	19.246	17.133625	18.66754167	15.69677778	14.361	10.736	9.569666667	20.984	25.258	21.36233333	2	90	3809.2	1800	30184.28
C3F8119	2016	10.05	15.652	13.53029167	12.93616	12.97105333	11.589	11.54	10.92966667	17.415	14.792	15.32533333	2	100	1228.5	1980	6086.55
C3F8120	2015	9.033333333	12.413	13.10691667	17.133625	17.04273611	11.589	14.361	11.05566667	14.936	20.984	22.63933333	1	90	7206.108	1800	14842.28
C3F8120	2017	11.78333333	11.52	9.161791667	8.282375	8.350333333	6.408	4.766	4.64	13.016	14.218	13.497	1	130	3302.97	1845	12262.85
C3F8120	2017	9.55	15.2	12.00629167	14.00083333	15.83869444	8.717	11.297	12.467	14.194	17.867	19.276	1	130	2235.12	1730	8407.6
C3F8121	2015	9.25	12.8	13.10691667	17.133625	17.04273611	11.589	14.361	11.05566667	14.936	20.984	22.63933333	2	90	4263.04	1800	18184.488
C3F8122	2015	10.98333333	13.978	12.62425	10.90558333	13.715375	8.319	9.188	11.71266667	16.892	12.534	16.15133333	2	180	22477.196	1800	31210.256
C3F8123	2015	12.45	16.296	12.62425	10.90558333	13.715375	8.319	9.188	11.71266667	16.892	12.534	16.15133333	2	150	5533.68	1800	16306.92
C3F8123	2016	9.75	17.9	15.699125	11.793375	9.609513889	10.565	8.444	6.729666667	20.841	15.724	13.275	2	160	4385.01	1920	26299.4
C3F8123	2017	8.95	18.2	21.62066667	19.68220833	17.78976389	14.697	12.098	10.69933333	27.481	25.793	23.52933333	2	180	6574.11	1740	13106.25
C3F8123	2018	8.416666667	10.8	10.84216667	9.180208333	11.32683333	8.941	8.045	9.548333333	13.377	10.394	13.98333333	2	105	7899.42	1855	26375.3
C3F8123	2019	10.25	14.49	13.687875	11.23058333	10.53819444	10.124	6.737	7.858333333	17.629	15.079	12.97033333	2	85	3026.05	1680	24349.29
C3F8124	2015	12.55	16.296	12.62425	10.90558333	13.715375	8.319	9.188	11.71266667	16.892	12.534	16.15133333	1	240	4548.908	1800	21427.76
C3F8124	2016	9.866666667	18.794	15.699125	11.793375	9.609513889	10.565	8.444	6.729666667	20.841	15.724	13.275	1	NA	NA	NA	NA
C3F8124	2017	8.933333333	10.4	12.0935	9.161791667	8.748791667	3.591	6.408	5.843666667	19.984	13.016	13.31233333	1	110	3583.83	1770	23713.4
C3F8124	2018	9.55	20.4	17.960875	19.97691667	19.65701389	14.433	14.792	14.05733333	24.629	24.363	24.067	1	115	6617.28	1670	30210.35
C3F8125	2015	13.28333333	16.58	12.62425	10.90558333	13.715375	8.319	9.188	11.71266667	16.892	12.534	16.15133333	1	150	6130.56	1800	19046.24
C3F8125	2017	12.66666667	13.005	8.579541667	6.46875	8.018486111	1.398	4.48	6.021666667	15.915	9.089	9.965666667	1	165	4662.03	1905	10363
C3F8126	2015	13.5	16.868	12.62425	10.90558333	13.715375	8.319	9.188	11.71266667	16.892	12.534	16.15133333	2	180	7734.64	1800	28043.0696
C3F8127	2015	8.616666667	10.907	12.97375	12.62425	12.21225	10.614	8.319	9.698666667	15.963	16.892	14.78733333	1	120	2820.86	1800	20284.74214
C3F8128	2015	9.316666667	11.25	12.97375	12.62425	12.21225	10.614	8.319	9.698666667	15.963	16.892	14.78733333	2	210	5285.336	1800	34016.4
C3F8128	2016	12.53333333	8.36	5.767125	6.049833333	8.514083333	4.506	4.818	6.782	8.369	7.72	10.388	2	90	7504.65	1980	14279.7
C3F8129	2015	9.316666667	11.25	12.97375	12.62425	12.21225	10.614	8.319	9.698666667	15.963	16.892	14.78733333	1	150	11965.016	1800	16003.96
C3F8130	2015	10.16666667	12.19	12.97375	12.62425	12.21225	10.614	8.319	9.698666667	15.963	16.892	14.78733333	1	120	4462.56	1920	5085.36
C3F8130	2016	9.6	15.652	13.53029167	12.93616	12.97105333	11.589	11.54	10.92966667	17.415	14.792	15.32533333	1	100	1641.81	1980	20215.6
C3F8130	2018	11.66666667	16.9	13.88133333	15.30170833	15.03433333	11.783	11.443	10.28	18.01	21.461	20.661	1	170	7496.79	2100	34338.35
C3F8131	2015	10.66666667	12.799	12.97375	12.62425	12.21225	10.614	8.319	9.698666667	15.963	16.892	14.78733333	2	90	18605.52216	1920	51451.736
C3F8132	2015	9.866666667	16.987	15.249375	12.97375	12.16786111	8.469	10.614	9.373666667	20.412	15.963	15.12966667	1	150	8536.164	1800	28549.976
C3F8133	2015	10.75	18.129	15.249375	12.97375	12.16786111	8.469	10.614	9.373666667	20.412	15.963	15.12966667	2	90	9682.995	1800	43581.04
C3F8133	2016	9.416666667	14.37	13.43716667	12.53983333	14.14325	11.37	9.879	11.45433333	16.32	14.864	18.10433333	2	100	10357.83	1800	29398.95
C3F8134	2015	11.13333333	18.44	15.249375	12.97375	12.16786111	8.469	10.614	9.373666667	20.412	15.963	15.12966667	1	90	8862.336	1800	16602.2
C3F8135	2015	9.8	13.305	11.9305	15.249375	13.61579167	9.731	8.469	9.134	15.079	20.412	17.75566667	2	180	14268.16	1800	25540.2
C3F8135	2016	9	6.204	5.767125	6.049833333	8.514083333	4.506	4.818	6.782	8.369	7.72	10.388	2	170	11075.16	2020	19658.85
C3F8135	2016	10.25	19.02	13.96975	13.61379167	13.48595833	11.127	10.418	10.78433333	19.674	17.724	17.034	2	120	4648.77	1800	13634.6
C3F8135	2017	9	15.2	12.00629167	14.00083333	15.83869444	8.717	11.297	12.467	14.194	17.867	19.276	2	150	7084.89	1800	20546.15
C3F8136	2015	11.18333333	14.89	11.9305	15.249375	13.61579167	9.731	8.469	9.134	15.079	20.412	17.75566667	1	120	8236.46583	1800	20490.064
C3F8137	2015	11.23333333	14.89	11.9305	15.249375	13.61579167	9.731	8.469	9.134	15.079	20.412	17.75566667	2	210	3334.2	1800	4798.93609
C3F8137	2016	8.566666667	15.16	14.30454167	10.87504167	10.33968056	7.268	7.594	7.181666667	20.603	15.247	14.128	2	100	4129.29	1920	8065.4
C3F8137	2016	8.583333333	14.385	14.90608333	13.47370833	18.28655556	11.589	11.734	14.32266667	18.557	15.342	22.78633333	2	113	1631.58	1804	22788.5
C3F8137	2017	8.9	12.4	12.47545833	13.643375	14.27169444	9.657	10.443	10.443	16.058	18.01	19.23066667	2	134	1992.99	NA	NA
C3F8138	2015	12.11666667	15.079	11.9305	15.249375	13.61579167	9.731	8.469	9.134	15.079	20.412	17.75566667	1	120	6463.16	1800	14771.61504
C3F8138	2017	9.7	14.7	14.634375	14.374875	9.807722222	10.541	6	3.959333333	20.055	21.987	15.66366667	1	131	4933.2	1725	11102.85
C3F8138	2017	11.6	19.1	17.54016667	18.014875	18.86848611	12.268	14.768	14.562	21.963	21.795	23.789	1	120	8168.58	1800	27973.25
C3F8139	2015	13.21666667	13.11	11.9305	15.249375	13.61579167	9.731	8.469	9.134	15.079	20.412	17.75566667	2	90	2448.76	1800	23406.52
C3F8139	2016	9.483333333	16.8	14.30454167	10.87504167	10.33968056	7.268	7.594	7.181666667	20.603	15.247	14.128	2	150	5029.56	1800	10884.95
C3F8139	2017	9.25	8.62	8.579541667	6.46875	8.018486111	1.398	4.48	6.021666667	15.915	9.089	9.965666667	2	180	12616.83	1967	26367.95
C3F8139	2017	9.666666667	18.1	18.28695833	20.060625	19.37281944	15.963	14.984	16.08833333	22.657	24.968	22.828	2	110	2200.86	1860	8832.5
C3F8140	2015	13.26666667	13.11	11.9305	15.249375	13.61579167	9.731	8.469	9.134	15.079	20.412	17.75566667	1	120	2201.052	1800	15208.24
C3F8140	2016	12.38333333	8.344	5.767125	6.049833333	8.514083333	4.506	4.818	6.782	8.369	7.72	10.388	1	150	4605.42	1800	19862.3
C3F8168	2015	8.566666667	10.712	12.62425	10.90558333	13.715375	8.319	9.188	11.71266667	16.892	12.534	16.15133333	1	90	3221.932	1800	18571.52
C3F8168	2016	8.666666667	16.38	15.699125	11.793375	9.609513889	10.565	8.444	6.729666667	20.841	15.724	13.275	1	80	1344.81	1860	14424.05
C3F8171	2016	12.25	9.46	7.300958333	5.767125	7.122888889	4.558	4.506	5.337	11.248	8.369	9.177333333	1	120	8525.49	1980	32424.05
C3F8201	2015	12.5	10.565	8.530875	7.148208333	8.642347222	5.282	5.745	7.056333333	11.102	9.336	11.21766667	2	120	9631.09	1800	43581.04
C3F8201	2016	11.35	12.68	10.87504167	8.940583333	9.148319444	7.594	7.645	6.169666667	15.247	11.151	12.795	2	110	4480.885714	NA	NA
C3F8202	2015	9.016666667	9.6	8.905333333	8.530875	7.509138889	6.864	5.282	5.573333333	11.832	11.102	9.892	1	150	15100.792	1800	41112.92
C3F8202	2016	8.433333333	10.78	10.87504167	8.940583333	9.148319444	7.594	7.645	6.169666667	15.247	11.151	12.795	1	152	6367.32	1920	27317
C3F8202	2017	9.133333333	8.62	9.161791667	8.282375	8.350333333	6.408	4.766	4.64	13.016	14.218	13.497	1	110	5238.36	1885	27840.7
C3F8202	2018	11.1	14.5	10.91895833	13.88133333	15.34188889	8.817	11.783	11.44266667	13.546	18.01	20.62933333	1	105	9833.43	1800	35273.05
C3F8202	2019	10.41666667	10.026	6.787791667	4.320979167	4.187590278	0.934	1.18	1.234666667	12.001	7.343	7.811333333	1	162	5334.84	1920	30544.08
C3F8203	2015	9.233333333	9.952	8.905333333	8.530875	7.509138889	6.864	5.282	5.573333333	11.832	11.102	9.892	2	150	6780.76	1800	38626.784
C3F8204	2015	10.46666667	10.712	8.905333333	8.530875	7.509138889	6.864	5.282	5.573333333	11.832	11.102	9.892	2	180	7071.176	1800	18571.52
C3F8205	2015	10.61666667	10.712	8.905333333	8.530875	7.509138889	6.864	5.282	5.573333333	11.832	11.102	9.892	1	150	6183.464	1800	23664.04
C3F8205	2016	12.75	7.268	6.049833333	9.551708333	10.05156944	4.818	6.687	8.106666667	7.72	11.443	12.04066667	1	NA	NA	NA	NA
C3F8205	2017	9.7	16.5	12.47545833	13.643375	14.27169444	9.657	10.443	10.443	16.058	18.01	19.23066667	1	131	11053.02	1730	27440.55
C3F8205	2018	11.86666667	13.2	10.84216667	9.180208333	11.32683333	8.941	8.045	9.548333333	13.377	10.394	13.98333333	1	90	2037.21	1980	37580.7
C3F8218	2016	9.666666667	11.26	10.87504167	8.940583333	9.148319444	7.594	7.645	6.169666667	15.247	11.151	12.795	1	180	5226.33	1980	16703.25
C3F8219	2015	11.63333333	11.953	10.11575	8.905333333	8.194805556	7.268	6.864	5.963666667	13.064	11.832	10.75666667	1	150	4268.376	1800	12380.56
C3F8219	2016	10.78333333	13.209	12.93616	13.43716667	13.12297222	11.54	11.37	10.92966667	14.792	16.32	16.19166667	1	180	6322.08	2040	8374.1
C3F8230	2016	11.36666667	6.408	5.767125	6.049833333	8.514083333	4.506	4.818	6.782	8.369	7.72	10.388	2	90	3106.47	1860	34122.85
C3F8248	2015	10.33333333	12.243	11.78616667	10.11575	9.183986111	9.238	7.268	6.471333333	16.487	13.064	11.99933333	1	180	6873.272	1980	36929.96
C3F8249	2015	11.5	13.209	11.78616667	10.11575	9.183986111	9.238	7.268	6.471333333	16.487	13.064	11.99933333	1	150	4900.252	1800	5557.048
C3F8249	2016	12.55	15.87	13.43716667	12.53983333	14.14325	11.37	9.879	11.45433333	16.32	14.864	18.10433333	1	100	3677.34	1860	5456.2
C3F8250	2015	11.63333333	13.209	11.78616667	10.11575	9.183986111	9.238	7.268	6.471333333	16.487	13.064	11.99933333	2	120	2984.716	1800	35113.48
C3F8250	2016	12.26666667	15.414	13.43716667	12.53983333	14.14325	11.37	9.879	11.45433333	16.32	14.864	18.10433333	2	90	3251.04	1860	11824.3
C3F8250	2017	8.833333333	14	14.89841667	12.80520833	12.47626389	7.519	8.145	6.781	21.175	17.058	17.12733333	2	87	6401.43	1750	18079.9
C3F8266	2016	12.08333333	13.161	10.87504167	8.940583333	9.148319444	7.594	7.645	6.169666667	15.247	11.151	12.795	1	180	8132.73	1980	36545.45
C3F8315	2017	11.55	11.165	9.161791667	8.282375	8.350333333	6.408	4.766	4.64	13.016	14.218	13.497	2	180	5298.33	1920	12143.75
C3F8353	2015	8.333333333	10.76	12.97375	12.62425	12.21225	10.614	8.319	9.698666667	15.963	16.892	14.78733333	1	120	7746.396	1800	21207.56
C3F8354	2015	10.41666667	12.799	12.97375	12.62425	12.21225	10.614	8.319	9.698666667	15.963	16.892	14.78733333	1	148	6792.84	1920	9206.84
C3F8355	2015	10.88333333	12.799	12.97375	12.62425	12.21225	10.614	8.319	9.698666667	15.963	16.892	14.78733333	2	116	4548.908	1710	25536.4
C3F8355	2016	9.95	18.628	16.52391667	13.87120833	13.83829167	10.565	11.953	11.73466667	22.058	16.844	17.47833333	2	95	5665.05	1800	14388.05
C3F8355	2017	10.41666667	9.9	8.579541667	6.46875	8.018486111	1.398	4.48	6.021666667	15.915	9.089	9.965666667	2	170	8147.97	1835	35950.75
C3F8356	2015	10.11666667	17.56	15.249375	12.97375	12.16786111	8.469	10.614	9.373666667	20.412	15.963	15.12966667	1	NA	NA	1800	26706.04
C3F8357	2015	12.61666667	14.146	11.9305	15.249375	13.61579167	9.731	8.469	9.134	15.079	20.412	17.75566667	1	125	3432.61518	1980	7577.32
C3F8357	2016	8.666666667	17.74	15.587875	15.15820833	14.20259722	7.192	6.788	6.145333333	22.011	21.032	20.70633333	1	175	2176.74	1980	7588.2
C3F8357	2017	9.25	10	5.196291667	7.435958333	4.207597222	2.77	-1.185	-0.213	10.834	14.984	8.909666667	1	160	2980.44	1817	13387.15
C3F8357	2017	10.48333333	20.1	20.04170833	17.54016667	18.49738889	13.642	12.268	14.63466667	25.55	21.963	22.81166667	1	110	3763.53	1705	12939.4
C3F8358	2015	12.03333333	15.079	11.9305	15.249375	13.61579167	9.731	8.469	9.134	15.079	20.412	17.75566667	2	123	4781	1800	16084.16
C3F8358	2017	11.21666667	9.2	9.161791667	8.282375	8.350333333	6.408	4.766	4.64	13.016	14.218	13.497	2	167	4317.96	1780	27550.15
C3F8358	2017	11.66666667	20.8	18.65345833	15.46158333	14.95522222	12.05	12.606	9.943666667	24.895	19.056	19.61233333	2	97	5451.48	1620	23396.45
C3F8358	2018	7.766666667	11.9	12.678625	11.95395833	11.91740278	10.541	7.945	8.979	16.32	17.153	15.64833333	2	100	6938.28	1704	24554.5
C3F8359	2015	13.33333333	13.11	11.9305	15.249375	13.61579167	9.731	8.469	9.134	15.079	20.412	17.75566667	1	130	2128.84	1710	21875
C3F8361	2015	12.83333333	10.66	8.530875	7.148208333	8.642347222	5.282	5.745	7.056333333	11.102	9.336	11.21766667	2	165	6280.148	1850	28706.2
C3F8361	2016	8.833333333	9.312	9.940708333	10.66229167	13.25304167	8.841	8.792	9.146333333	12.001	12.678	16.95366667	2	NA	NA	1800	10852.95
C3F8361	2017	10.38333333	12.5	8.282375	8.802208333	7.321638889	4.766	6.357	3.974666667	14.218	12.703	12.369	2	180	7471.9	1770	29073.15
C3F8362	2015	12.91666667	10.66	8.530875	7.148208333	8.642347222	5.282	5.745	7.056333333	11.102	9.336	11.21766667	1	135	7999.768	1890	14737.32
C3F8363	2015	8.666666667	9.238	8.905333333	8.530875	7.509138889	6.864	5.282	5.573333333	11.832	11.102	9.892	2	110	3386.376	1650	53005.6
C3F8363	2016	9.216666667	11.273	10.87504167	8.940583333	9.148319444	7.594	7.645	6.169666667	15.247	11.151	12.795	2	160	16083	NA	NA
C3F8364	2015	11.41666667	11.224	8.905333333	8.530875	7.509138889	6.864	5.282	5.573333333	11.832	11.102	9.892	2	120	4078.62	1795	23128.28
C3F8364	2016	11.7	7.19	6.049833333	9.551708333	10.05156944	4.818	6.687	8.106666667	7.72	11.443	12.04066667	2	95	4343.28	1845	30847.95
C3F8365	2015	11.71666667	11.224	8.905333333	8.530875	7.509138889	6.864	5.282	5.573333333	11.832	11.102	9.892	1	117	4121.572	1660	23392.88
C3F8366	2015	12.75	11.321	8.905333333	8.530875	7.509138889	6.864	5.282	5.573333333	11.832	11.102	9.892	2	140	4804.072	1840	12956.44
C3F8366	2016	8.933333333	12.461	11.20341667	7.300958333	6.372638889	6.306	4.558	4.627333333	15.986	11.248	9.112333333	2	NA	NA	1860	10177.6
C3F8367	2015	10.25	12.243	11.78616667	10.11575	9.183986111	9.238	7.268	6.471333333	16.487	13.064	11.99933333	2	100	4419.548	1635	15775.48
C3F8367	2016	8.666666667	10.35	9.074375	18.82720833	14.66893056	5.821	10.663	8.508333333	14.888	26.402	20.75066667	2	110	8915.4	1980	13854.95
C3F8368	2015	10.41666667	12.243	11.78616667	10.11575	9.183986111	9.238	7.268	6.471333333	16.487	13.064	11.99933333	1	135	3855.964	1698	25106.32
C3F8369	2015	11.5	13.209	11.78616667	10.11575	9.183986111	9.238	7.268	6.471333333	16.487	13.064	11.99933333	1	184	6151.572	1740	19993.44
C3F8370	2015	12.66666667	14.314	11.78616667	10.11575	9.183986111	9.238	7.268	6.471333333	16.487	13.064	11.99933333	1	137	3775.716	1916	13691
C3F8372	2019	10.55	13.834	10.11066667	6.787791667	4.68775	4.402	0.934	1.116333333	15.318	12.001	8.200333333	1	90	725.13	1607	21879.03
C3F8397	2017	12.3	12.34	8.579541667	6.46875	8.018486111	1.398	4.48	6.021666667	15.915	9.089	9.965666667	2	130	3107.07	1982	23102.35
C3F8444	2015	9.116666667	16.33	15.249375	12.97375	12.16786111	8.469	10.614	9.373666667	20.412	15.963	15.12966667	2	110	5994.688	1800	39847.24
C3F8444	2017	9.75	18.2	18.65345833	15.46158333	14.95522222	12.05	12.606	9.943666667	24.895	19.056	19.61233333	2	170	10524.84	NA	NA
C3F8446	2015	11.76666667	14.529	12.97375	12.62425	12.21225	10.614	8.319	9.698666667	15.963	16.892	14.78733333	1	120	7522.52	1800	17578.08
C3F8447	2016	8.65	14.984	13.53029167	12.93616	12.97105333	11.589	11.54	10.92966667	17.415	14.792	15.32533333	1	150	7999.71	1860	10906.4
C3F8447	2018	9.25	15.7	15.26708333	14.79133333	13.76958333	11.759	9.558	9.381333333	20.293	20.793	19.048	1	120	4049.04	1800	21920.25
C3F8462	2017	11.33333333	9.2	9.161791667	8.282375	8.350333333	6.408	4.766	4.64	13.016	14.218	13.497	1	158	7950.3	1800	27075.7
C3F8462	2017	9.183333333	16.5	16.20604167	13.19804167	12.00141667	10.614	6.611	8.04	21.748	18.033	15.60133333	1	127	7242.36	1865	41677.8
C3F8469	2015	10.61666667	14.697	11.9305	15.249375	13.61579167	9.731	8.469	9.134	15.079	20.412	17.75566667	1	150	31006.4	1185	31006.4
C3F8472	2015	10	12.147	12.62425	10.90558333	13.715375	8.319	9.188	11.71266667	16.892	12.534	16.15133333	1	180	13644.88	1800	42853.552
C3F8472	2016	9.1	21.485	18.82720833	14.30454167	11.37338889	10.663	7.268	7.502333333	26.402	20.603	15.667	1	110	3898.89	2040	35618.3
C3F8473	2015	8.383333333	11.89	11.9305	15.249375	13.61579167	9.731	8.469	9.134	15.079	20.412	17.75566667	2	150	21754.628	1800	19619.8
C3F8473	2016	9	17.011	15.699125	11.793375	9.609513889	10.565	8.444	6.729666667	20.841	15.724	13.275	2	90	6489.87	1920	12568.6
C3F8488	2015	11.63333333	13.04	13.10691667	17.133625	17.04273611	11.589	14.361	11.05566667	14.936	20.984	22.63933333	1	150	4597.44	1800	35113.48
C3F8488	2016	10.56666667	11.72	10.87504167	8.940583333	9.148319444	7.594	7.645	6.169666667	15.247	11.151	12.795	1	180	1641.81	1920	16197.55
C3F8488	2016	9.416666667	14.505	14.90608333	13.47370833	18.28655556	11.589	11.734	14.32266667	18.557	15.342	22.78633333	1	NA	NA	NA	NA
C3F8490	2015	10.26666667	11.029	10.11575	8.905333333	8.194805556	7.268	6.864	5.963666667	13.064	11.832	10.75666667	1	240	21055.44	1800	31850.56
C3F8490	2016	8.65	11.7	11.20341667	7.300958333	6.372638889	6.306	4.558	4.627333333	15.986	11.248	9.112333333	1	180	8115.36	1920	26742.05
C3F8490	2017	9.866666667	8.8	8.579541667	6.46875	8.018486111	1.398	4.48	6.021666667	15.915	9.089	9.965666667	1	170	11121.51	1845	49685.7
C3K6407	2017	9.633333333	7.9	7.966416667	5.196291667	5.779527778	2.797	2.77	0.711666667	13.57	10.834	12.12766667	2	134	2406.99	1800	27001.35
C3K6408	2017	9.1	10.2	8.802208333	7.966416667	6.866222222	6.357	2.797	1.460666667	12.703	13.57	13.12933333	2	119	4445.19	1820	25132.35
C3K6408	2018	10.66666667	14.8	10.84216667	9.180208333	11.32683333	8.941	8.045	9.548333333	13.377	10.394	13.98333333	2	90	4060.98	1920	37921.65
C3K6408	2019	11.41666667	6.179	4.320979167	2.954479167	5.293631944	1.18	1.235	3.137666667	7.343	5.257	8.566333333	2	72	3479.61	2100	31527.15
C3K6409	2017	11.91666667	13.8	8.282375	8.802208333	7.321638889	4.766	6.357	3.974666667	14.218	12.703	12.369	2	140	8572.05	1780	28365.6
C3K6413	2017	8.533333333	7.7	9.161791667	8.282375	8.350333333	6.408	4.766	4.64	13.016	14.218	13.497	2	140	3713.46	1810	34101.2
C3K6414	2017	12.28333333	12.4	9.161791667	8.282375	8.350333333	6.408	4.766	4.64	13.016	14.218	13.497	2	156	3592.68	1675	25323.65
C3K6414	2017	8.783333333	22.5	22.40329167	22.613125	19.66451389	18.152	16.677	13.63733333	28.221	28.593	25.252	2	100	4484.88	1750	23804.95
C3K6415	2017	7.916666667	6.6	12.0935	9.161791667	8.748791667	3.591	6.408	5.843666667	19.984	13.016	13.31233333	1	150	4020.99	1860	66000.2
C3K6415	2019	12.25	10.49	6.787791667	4.320979167	4.187590278	0.934	1.18	1.234666667	12.001	7.343	7.811333333	1	70	1737.285	1440	27642.6
C3K6429	2018	8.133333333	11.9	12.95608333	10.84216667	10.31377778	10.051	8.941	8.601	16.415	13.377	12.439	1	120	6828.69	1800	10875
C3K6429	2019	9.083333333	12.703	13.687875	11.23058333	10.53819444	10.124	6.737	7.858333333	17.629	15.079	12.97033333	1	120	3117.1875	1920	26861.58
C3K6443	2018	9.966666667	14.553	13.218875	13.20608333	14.67979167	8.519	9.509	8.871666667	18.319	18.295	20.01633333	2	NA	NA	NA	NA
C3K6450	2017	8.816666667	9.2	14.374875	8.579541667	7.763222222	6	1.398	3.814333333	21.987	15.915	11.55366667	2	106	2352.21	1822	18814
C3K6451	2017	10.9	20	14.374875	8.579541667	7.763222222	6	1.398	3.814333333	21.987	15.915	11.55366667	2	128	4033.56	1750	23512.45
C3K6451	2017	10.2	16.6	14.98370833	18.05595833	18.80118056	12.437	15.533	15.49333333	19.294	21.676	23.10033333	2	140	3592.68	1843	23109
C3K6451	2018	10.56666667	14.2	12.95608333	10.84216667	10.31377778	10.051	8.941	8.601	16.415	13.377	12.439	2	65	2376.63	1500	21901
C3K6451	2019	8.75	12.32	11.30722917	6.866479167	6.105826389	2.877	3.696	3.255666667	17.938	9.977	9.095	2	80	1743.59	1560	13492.5
C3K6452	2017	10.96666667	21.5	14.374875	8.579541667	7.763222222	6	1.398	3.814333333	21.987	15.915	11.55366667	1	175	8011.86	1950	6582.8
C3K6452	2017	10.95	17.8	18.05595833	18.28695833	18.55372222	15.533	15.963	15.49333333	21.676	22.657	22.235	1	160	5511.96	1720	16985.85
C3K6452	2018	10.21666667	13.9	12.95608333	10.84216667	10.31377778	10.051	8.941	8.601	16.415	13.377	12.439	1	NA	NA	NA	NA
C3K6452	2019	8.866666667	12.799	11.30722917	6.866479167	6.105826389	2.877	3.696	3.255666667	17.938	9.977	9.095	1	170	6880.368	1840	13059.99
C3K6453	2017	9.383333333	14.3	14.634375	14.374875	9.807722222	10.541	6	3.959333333	20.055	21.987	15.66366667	2	130	4915.71	1860	19335.75
C3K6453	2017	10.2	18.3	17.54016667	18.014875	18.86848611	12.268	14.768	14.562	21.963	21.795	23.789	2	125	3843.63	1932	14602
C3K6475	2018	11.61666667	11.1	9.180208333	10.91895833	13.36733333	8.045	8.817	10.681	10.394	13.546	17.67233333	1	NA	NA	1800	44033.25
C3K6475	2019	8.833333333	4.22	5.437604167	6.013395833	6.071833333	3.327	2.744	3.492	8.07	9.238	8.922666667	1	105	2325.53	1440	16594.47
C3K6483	2017	9.316666667	16.6	14.95416667	16.63425	14.77929167	11.832	10.712	8.792	17.249	21.915	20.04933333	2	150	4714.32	1780	28433.1
C3K6500	2017	8.866666667	14	14.89841667	12.80520833	12.47626389	7.519	8.145	6.781	21.175	17.058	17.12733333	1	90	6100.11	1920	15039
C3K6566	2018	9.333333333	13	10.84216667	9.180208333	11.32683333	8.941	8.045	9.548333333	13.377	10.394	13.98333333	2	130	6018.48	2160	42282.45
C3K6566	2019	10.33333333	7.38	6.013395833	7.034708333	7.359777778	2.744	4.168	4.907333333	9.238	10.59	9.981	2	80	1292.47	NA	NA
C3K6649	2017	10.91666667	19.37	14.14416667	18.29754167	16.384125	6.813	11.419	9.531333333	19.627	23.448	21.919	2	120	3287.19	NA	NA
C3K6649	2018	10.41666667	21.4	17.960875	19.97691667	19.65701389	14.433	14.792	14.05733333	24.629	24.363	24.067	2	180	7931.95	2318	32347.95
C3K6655	2018	9.25	12.9	10.84216667	9.180208333	11.32683333	8.941	8.045	9.548333333	13.377	10.394	13.98333333	1	110	6497.25	1960	38459.55
C3K6803	2017	9.1	16.2	14.95416667	16.63425	14.77929167	11.832	10.712	8.792	17.249	21.915	20.04933333	1	90	2893.92	1780	30249.8
C3K6803	2018	10.58333333	10.5	9.180208333	10.91895833	13.36733333	8.045	8.817	10.681	10.394	13.546	17.67233333	1	120	19617.03	1620	52805.65
C3K6833	2017	10.23333333	8.64	9.161791667	8.282375	8.350333333	6.408	4.766	4.64	13.016	14.218	13.497	1	120	10787.31	1950	32036.45
C3K6846	2017	8.45	7.9	8.282375	8.802208333	7.321638889	4.766	6.357	3.974666667	14.218	12.703	12.369	1	140	7804.68	2020	21392.3
C3K7268	2016	9.316666667	11.273	11.793375	7.960791667	11.954125	8.444	5.924	7.469333333	15.724	9.213	16.83433333	1	160	5667.84	2220	14182
C3K7268	2018	9.95	22.4	19.19691667	18.64983333	17.81	15.652	14.17	14.20166667	22.321	22.609	22.27533333	1	110	2818.71	1860	21666.9
C3K7270	2016	10.45	14.07	11.20341667	7.300958333	6.372638889	6.306	4.558	4.627333333	15.986	11.248	9.112333333	1	120	3859.47	1980	21392.3
C3K7271	2016	9.916666667	14.864	13.43716667	12.53983333	14.14325	11.37	9.879	11.45433333	16.32	14.864	18.10433333	1	160	4563.48	2100	29684.55
C3K7271	2017	9.25	14	14.00083333	14.82145833	16.69691667	11.297	13.112	13.28066667	17.867	16.296	20.13233333	1	120	4471.86	1800	28454.45
C3K7272	2016	9.283333333	21.485	18.82720833	14.30454167	11.37338889	10.663	7.268	7.502333333	26.402	20.603	15.667	2	120	6569.4	1800	12390.6
C3K7272	2017	8.833333333	8.9	8.282375	8.802208333	7.321638889	4.766	6.357	3.974666667	14.218	12.703	12.369	2	110	9577.77	1710	16558.05
C3K7272	2018	11.9	16.6	12.95608333	10.84216667	10.31377778	10.051	8.941	8.601	16.415	13.377	12.439	2	150	3434.13	1670	24845.6
C3K7272	2019	9.116666667	11.71	10.5051875	10.11066667	7.073145833	5.77	4.402	2.172	15.318	15.318	11.554	2	160	4221.39	1627	19598.1
C3K7276	2016	10.11666667	12.413	11.793375	7.960791667	11.954125	8.444	5.924	7.469333333	15.724	9.213	16.83433333	2	100	6250.05	1920	16004.8
C3K7276	2017	9.933333333	9.2	9.161791667	8.282375	8.350333333	6.408	4.766	4.64	13.016	14.218	13.497	2	180	14789.19	1780	27501.4
C3K7278	2016	11.33333333	13.954	11.793375	7.960791667	11.954125	8.444	5.924	7.469333333	15.724	9.213	16.83433333	1	100	4577.64	1860	6749.65
C3K7279	2018	8.833333333	12.3	9.180208333	10.91895833	13.36733333	8.045	8.817	10.681	10.394	13.546	17.67233333	1	110	5149.83	1800	22981.15
C3K7283	2016	9.716666667	18.628	16.52391667	13.87120833	13.83829167	10.565	11.953	11.73466667	22.058	16.844	17.47833333	1	140	2963.4	2100	15921.15
C3K7285	2017	12.41666667	10	6.46875	8.241375	9.893402778	4.48	5.565	5.725333333	9.089	9.657	13.59733333	1	160	11251.38	2040	49458
C3K7285	2017	10.88333333	20.1	18.65345833	15.46158333	14.95522222	12.05	12.606	9.943666667	24.895	19.056	19.61233333	1	165	6917.19	1770	36764.05
C3K7286	2016	12.31666667	15.414	11.20341667	7.300958333	6.372638889	6.306	4.558	4.627333333	15.986	11.248	9.112333333	1	NA	NA	NA	NA
C3K7288	2016	9.616666667	11.26	10.87504167	8.940583333	9.148319444	7.594	7.645	6.169666667	15.247	11.151	12.795	2	110	2570.94	1950	14056.9
C3K7291	2016	8.133333333	16.701	15.587875	15.15820833	14.20259722	7.192	6.788	6.145333333	22.011	21.032	20.70633333	2	60	2973.21	1980	20785.8
C3K7291	2017	8.666666667	10	5.196291667	7.435958333	4.207597222	2.77	-1.185	-0.213	10.834	14.984	8.909666667	2	105	5776.35	1770	34358.35
C3K7291	2017	9.066666667	16.6	18.014875	19.937125	18.01738889	14.768	16.868	13.84133333	21.795	24.677	22.876	2	97	7693.11	1797	27234
C3K7291	2018	12.73333333	13.4	10.84216667	9.180208333	11.32683333	8.941	8.045	9.548333333	13.377	10.394	13.98333333	2	85	6542.61	1920	34813.15
C3K7291	2019	9.3	12.94	10.11066667	6.787791667	4.68775	4.402	0.934	1.116333333	15.318	12.001	8.200333333	2	59	1088.1	1800	16881.6
C3K7292	2016	9.516666667	19.41	15.587875	15.15820833	14.20259722	7.192	6.788	6.145333333	22.011	21.032	20.70633333	1	105	3628.95	1817	7154.2
C3K7292	2016	10.46666667	14.42	13.65029167	14.43025	14.10480556	11.37	12.413	11.463	16.796	17.891	17.42233333	1	100	3088.44	1920	6593.05
C3K7292	2017	11.86666667	10.9	7.435958333	4.706333333	2.190194444	-1.185	0.55	0.208333333	14.984	10.565	5.155666667	1	150	7161.87	1800	36472.1
C3K7292	2017	9.75	20.4	18.05595833	18.28695833	18.55372222	15.533	15.963	15.49333333	21.676	22.657	22.235	1	160	3742.59	1790	23154.05
C3K7293	2016	10	20.055	15.587875	15.15820833	14.20259722	7.192	6.788	6.145333333	22.011	21.032	20.70633333	2	170	7925.97	1860	9396.5
C3K7293	2017	11.91666667	10.9	7.435958333	4.706333333	2.190194444	-1.185	0.55	0.208333333	14.984	10.565	5.155666667	2	180	10012.83	1995	21385.15
C3K7294	2016	8.8	16.773	14.61466667	14.48216667	15.07608333	8.941	9.706	7.895333333	19.603	18.58	20.541	1	120	4144.8	1870	30569.05
C3K7294	2016	10	24.919	22.21741667	19.75266667	16.81155556	15.652	14.96	13.06466667	27.308	24.243	20.58666667	1	104	496.86	1740	3257.55
C3K7295	2016	8.916666667	16.773	14.61466667	14.48216667	15.07608333	8.941	9.706	7.895333333	19.603	18.58	20.541	2	165	1395.675	2100	16830.85
C3K7295	2016	12	26.793	22.21741667	19.75266667	16.81155556	15.652	14.96	13.06466667	27.308	24.243	20.58666667	2	140	3793.23	1790	3654.15
C3K7296	2016	8.583333333	5.36	6.049833333	9.551708333	10.05156944	4.818	6.687	8.106666667	7.72	11.443	12.04066667	1	NA	NA	NA	NA
C3K7297	2016	8.783333333	5.308	6.049833333	9.551708333	10.05156944	4.818	6.687	8.106666667	7.72	11.443	12.04066667	2	NA	NA	NA	NA
C3K7297	2017	12.83333333	9.4	6.46875	8.241375	9.893402778	4.48	5.565	5.725333333	9.089	9.657	13.59733333	2	150	6203.19	1747	22634.45
C3K7298	2016	11.5	7.19	6.049833333	9.551708333	10.05156944	4.818	6.687	8.106666667	7.72	11.443	12.04066667	1	140	1284.66	1800	8933.85
C3K7298	2017	9.166666667	10.4	8.802208333	7.966416667	6.866222222	6.357	2.797	1.460666667	12.703	13.57	13.12933333	1	120	3114	2160	7442.35
C3K7299	2016	12.51666667	7.14	6.049833333	9.551708333	10.05156944	4.818	6.687	8.106666667	7.72	11.443	12.04066667	2	150	10025.55	NA	NA
C3K7299	2018	12.03333333	13.4	10.84216667	9.180208333	11.32683333	8.941	8.045	9.548333333	13.377	10.394	13.98333333	2	80	2778.24	1740	29055.7
C3K7299	2019	9.083333333	7.77	6.013395833	7.034708333	7.359777778	2.744	4.168	4.907333333	9.238	10.59	9.981	2	100	4950.99	1500	22838.88
C3K7300	2016	8.016666667	5.975	5.767125	6.049833333	8.514083333	4.506	4.818	6.782	8.369	7.72	10.388	1	160	6964.71	2000	32250.45
C3K7301	2016	9.216666667	6.204	5.767125	6.049833333	8.514083333	4.506	4.818	6.782	8.369	7.72	10.388	1	130	5971.23	1860	19438.75
C3K7301	2016	9.983333333	18.366	13.96975	13.61379167	13.48595833	11.127	10.418	10.78433333	19.674	17.724	17.034	1	110	3739.59	NA	NA
C3K7302	2016	11.11666667	6.408	5.767125	6.049833333	8.514083333	4.506	4.818	6.782	8.369	7.72	10.388	1	NA	NA	1860	11342.05
C3K7303	2016	8.5	6.1	7.300958333	5.767125	7.122888889	4.558	4.506	5.337	11.248	8.369	9.177333333	2	150	4318.2	1980	17343.7
C3K7303	2018	8.5	12.6	9.180208333	10.91895833	13.36733333	8.045	8.817	10.681	10.394	13.546	17.67233333	2	80	3408.84	1740	29222.1
C3K7304	2016	8.833333333	7.142	7.300958333	5.767125	7.122888889	4.558	4.506	5.337	11.248	8.369	9.177333333	1	NA	NA	NA	NA
C3K7305	2016	10.81666667	8.916	7.300958333	5.767125	7.122888889	4.558	4.506	5.337	11.248	8.369	9.177333333	2	110	4183.86	1860	7401.95
C3K7306	2016	10.93333333	8.916	7.300958333	5.767125	7.122888889	4.558	4.506	5.337	11.248	8.369	9.177333333	1	180	3343.32	1860	3918.85
C3K7307	2016	11.91666667	9.46	7.300958333	5.767125	7.122888889	4.558	4.506	5.337	11.248	8.369	9.177333333	2	200	13073.82	1860	56202.05
C3K7307	2016	8.266666667	15.19	16.43141667	14.25058333	13.33018056	13.449	10.785	10.79333333	19.698	17.819	16.218	2	129	9983.16	1968	26079.15
C3K7308	2016	11.51666667	14.92	11.20341667	7.300958333	6.372638889	6.306	4.558	4.627333333	15.986	11.248	9.112333333	1	120	5042.22	1980	21327.75
C3K7309	2016	7.483333333	9.5	8.940583333	11.20341667	8.0905	7.645	6.306	5.123333333	11.151	15.986	11.86766667	1	NA	NA	NA	NA
C3K7310	2016	8.3	10.296	10.87504167	8.940583333	9.148319444	7.594	7.645	6.169666667	15.247	11.151	12.795	2	90	9434.37	1860	32796.3
C3K7311	2016	12.01666667	13.161	10.87504167	8.940583333	9.148319444	7.594	7.645	6.169666667	15.247	11.151	12.795	2	105	3948.09	1860	22850.45
C3K7312	2016	8.75	15.16	14.30454167	10.87504167	10.33968056	7.268	7.594	7.181666667	20.603	15.247	14.128	1	NA	NA	NA	NA
C3K7313	2016	8.266666667	11.929	9.074375	18.82720833	14.66893056	5.821	10.663	8.508333333	14.888	26.402	20.75066667	1	110	4954.53	2100	18416.6
C3K7314	2016	11.06666667	14.96	13.43716667	12.53983333	14.14325	11.37	9.879	11.45433333	16.32	14.864	18.10433333	1	110	2605.68	1920	10284.85
C3K7314	2017	10.53333333	14.5	12.0935	9.161791667	8.748791667	3.591	6.408	5.843666667	19.984	13.016	13.31233333	1	150	4155.18	1748	13199.75
C3K7315	2016	8.85	19.032	17.82566667	16.52391667	14.83616667	12.001	10.565	11.39333333	22.705	22.058	19.026	2	100	4970.97	2100	39448.1
C3K7315	2017	10.15	7.6	7.435958333	4.706333333	2.190194444	-1.185	0.55	0.208333333	14.984	10.565	5.155666667	2	120	4465.41	1800	33557.45
C3K7316	2016	9.033333333	19.032	17.82566667	16.52391667	14.83616667	12.001	10.565	11.39333333	22.705	22.058	19.026	1	100	609.72	2040	10984.3
C3K7316	2017	10.08333333	14.5	14.00083333	14.82145833	16.69691667	11.297	13.112	13.28066667	17.867	16.296	20.13233333	1	160	4728.9	1770	22066.4
C3K7316	2018	7.533333333	10.6	11.95395833	12.95608333	10.99281944	7.945	10.051	9.012333333	17.153	16.415	13.39533333	1	140	5186.76	2460	41855.35
C3K7317	2016	12.93333333	17.629	14.40466667	13.22579167	15.25861111	9.854	11.516	12.12133333	18.771	14.745	17.85966667	2	130	13167.48	1860	33192.45
C3K7317	2017	8.766666667	11.3	12.0935	9.161791667	8.748791667	3.591	6.408	5.843666667	19.984	13.016	13.31233333	2	80	7076.43	1770	27767.2
C3K7318	2016	13	17.629	14.40466667	13.22579167	15.25861111	9.854	11.516	12.12133333	18.771	14.745	17.85966667	1	110	1555.17	1800	1536.6
C3K7318	2017	9.483333333	20.6	21.62066667	19.68220833	17.78976389	14.697	12.098	10.69933333	27.481	25.793	23.52933333	1	116	1733.97	1840	9257.7
C3K7318	2019	9.983333333	14.242	13.687875	11.23058333	10.53819444	10.124	6.737	7.858333333	17.629	15.079	12.97033333	1	85	2875.58	1550	12370.86
C3K7319	2017	8.983333333	14.7	17.98833333	15.69875	14.79230556	10.614	9.386	10.64333333	23.93	20.865	18.589	2	116	6709.95	1810	17470.7
C3K7323	2016	8.75	10.907	12.38116667	13.96975	13.59244444	8.145	11.127	10.70333333	17.201	19.674	17.99333333	2	150	7264.32	1800	9511.8
C3K7335	2017	8.75	17.6	18.69379167	16.5755	17.44127778	12.992	13.738	14.40033333	23.665	20.436	20.873	1	98	3111.24	1765	11855.65
C3K7336	2017	9.083333333	18	18.69379167	16.5755	17.44127778	12.992	13.738	14.40033333	23.665	20.436	20.873	2	120	6946.29	1755	25183.6
C3K7337	2019	11.58333333	8.444	6.013395833	7.034708333	7.359777778	2.744	4.168	4.907333333	9.238	10.59	9.981	2	110	5338.32	1819	40998.57
C3K7342	2017	10.66666667	15.5	12.00629167	14.00083333	15.83869444	8.717	11.297	12.467	14.194	17.867	19.276	2	180	14376.48	1810	39925.2
C3K7342	2018	8.133333333	10.6	11.95395833	12.95608333	10.99281944	7.945	10.051	9.012333333	17.153	16.415	13.39533333	2	NA	NA	NA	NA
C3K7352	2018	10.21666667	19.3	18.38608333	19.04779167	18.37518056	13.618	13.714	12.53533333	23.04	25.647	23.78933333	2	105	3371.52	1800	27265.3
C3K7364	2017	10.55	19.8	16.20604167	13.19804167	12.00141667	10.614	6.611	8.04	21.748	18.033	15.60133333	1	180	2767.53	1845	29877.3
C3K7364	2018	9.566666667	14.4	12.151625	12.25495833	16.27879167	9.756	10.98	13.95933333	14.864	14.625	20.17133333	1	75	1744.41	1740	27395.05
C3K7364	2019	8.333333333	6.17	6.866479167	5.437604167	6.161902778	3.696	3.327	3.413	9.977	8.07	9.299333333	1	145	3011.97	1759	40608.54
C3K7365	2017	10.75	20.2	16.20604167	13.19804167	12.00141667	10.614	6.611	8.04	21.748	18.033	15.60133333	2	161	5927.85	1870	44474
C3K7366	2017	9.483333333	17.4	18.65345833	15.46158333	14.95522222	12.05	12.606	9.943666667	24.895	19.056	19.61233333	1	180	3589.86	1800	17681.75
C3K7401	2016	9.616666667	13.09	11.20341667	7.300958333	6.372638889	6.306	4.558	4.627333333	15.986	11.248	9.112333333	1	160	10081.47	1920	16926.1
C3K7435	2015	10.83333333	17.57	14.958875	14.281625	13.88225	8.866	11.492	9.068	18.961	17.201	18.636	2	NA	NA	NA	NA
C3K7440	2017	9.733333333	16.7	14.374875	8.579541667	7.763222222	6	1.398	3.814333333	21.987	15.915	11.55366667	2	160	6035.07	1800	18330.1
C3K7440	2018	7.616666667	9.7	14.79133333	13.83879167	12.82379167	9.558	8.045	8.843666667	20.793	20.031	17.83466667	2	140	8128.32	1770	28147.5
C3K7441	2016	12.5	15.64	11.20341667	7.300958333	6.372638889	6.306	4.558	4.627333333	15.986	11.248	9.112333333	2	150	5371.29	NA	NA
C3K7441	2017	11.11666667	14.3	8.282375	8.802208333	7.321638889	4.766	6.357	3.974666667	14.218	12.703	12.369	2	150	5195.64	1805	6552.2
C3K7519	2016	11.68333333	15.748	13.65029167	14.43025	14.10480556	11.37	12.413	11.463	16.796	17.891	17.42233333	2	100	1802.34	1920	8898.3
C3R1134	2018	7.366666667	10.9	12.95608333	10.84216667	10.31377778	10.051	8.941	8.601	16.415	13.377	12.439	1	180	15750.45	1980	53336.6
C3R1135	2018	11.16666667	16.3	13.88133333	15.30170833	15.03433333	11.783	11.443	10.28	18.01	21.461	20.661	2	90	1867.38	2700	20132.05
C3R1136	2018	9.6	14.3	10.91895833	13.88133333	15.34188889	8.817	11.783	11.44266667	13.546	18.01	20.62933333	1	90	2727.18	2100	47663.2
C3R1136	2018	9.5	20.7	18.64566667	18.06395833	16.48905556	14.936	14.026	10.59866667	21.915	21.676	21.03233333	1	120	2395.9125	1500	46262.55
C3R1137	2018	9.8	14.1	10.91895833	13.88133333	15.34188889	8.817	11.783	11.44266667	13.546	18.01	20.62933333	2	170	7409.22	NA	NA
C3R1137	2018	9.166666667	20.7	18.64566667	18.06395833	16.48905556	14.936	14.026	10.59866667	21.915	21.676	21.03233333	2	70	1485.18	2040	28328.25
C3R1138	2018	9.533333333	11	9.180208333	10.91895833	13.36733333	8.045	8.817	10.681	10.394	13.546	17.67233333	1	180	7253.88	1740	41092
C3R1139	2018	9.583333333	10.5	9.180208333	10.91895833	13.36733333	8.045	8.817	10.681	10.394	13.546	17.67233333	2	90	11315.16	2030	55402.15
C3R1139	2019	12.08333333	11.637	10.5051875	10.11066667	7.073145833	5.77	4.402	2.172	15.318	15.318	11.554	2	130	2524.92	1948	33459.09
C3R1140	2018	10.95	10.1	9.180208333	10.91895833	13.36733333	8.045	8.817	10.681	10.394	13.546	17.67233333	2	68	4974.48	1500	43824.6
C3R1141	2018	11.53333333	10.17	9.180208333	10.91895833	13.36733333	8.045	8.817	10.681	10.394	13.546	17.67233333	2	105	2969.94	NA	NA
C3R1142	2018	9.416666667	11	10.84216667	9.180208333	11.32683333	8.941	8.045	9.548333333	13.377	10.394	13.98333333	1	85	7267.68	1380	37600.95
C3R1143	2018	7.583333333	10.7	10.84216667	9.180208333	11.32683333	8.941	8.045	9.548333333	13.377	10.394	13.98333333	2	70	4041.15	1680	33758.25
C3R1144	2018	9.166666667	13	10.84216667	9.180208333	11.32683333	8.941	8.045	9.548333333	13.377	10.394	13.98333333	1	165	7288.575	1980	34309.8
C3R1145	2018	9.516666667	13	10.84216667	9.180208333	11.32683333	8.941	8.045	9.548333333	13.377	10.394	13.98333333	2	130	5462.97	NA	NA
C3R1145	2019	12.41666667	12.074	10.49629167	10.5051875	9.134548611	7.82	5.77	3.702	13.666	15.318	14.21233333	2	124	3464.26	1725	29318.67
C3R1152	2018	8.333333333	11.7	12.95608333	10.84216667	10.31377778	10.051	8.941	8.601	16.415	13.377	12.439	2	126	2789.85	1746	30710.7
C3R1152	2019	11.88333333	20.793	16.83464583	13.687875	11.52888889	10.271	10.124	8.393333333	22.034	17.629	14.814	2	125	1797.54	1530	10036.77
C3R1153	2018	9	11.9	12.95608333	10.84216667	10.31377778	10.051	8.941	8.601	16.415	13.377	12.439	1	110	5758.62	1800	64477.45
C3R1154	2018	9	12.4	12.95608333	10.84216667	10.31377778	10.051	8.941	8.601	16.415	13.377	12.439	2	130	6127.86	2160	27986.3
C3R1154	2019	11.86666667	11.37	9.877229167	10.49629167	10.37071528	6.99	7.82	5.997333333	12.413	13.666	14.76733333	2	91	2029.788	1590	20707.23
C3R1155	2018	9	11.9	11.95395833	12.95608333	10.99281944	7.945	10.051	9.012333333	17.153	16.415	13.39533333	2	90	3672.06	2000	34828.25
C3R1155	2018	9.35	17.4	15.08745833	15.0795	14.11093056	11.686	10.663	10.70366667	19.508	18.414	17.07333333	2	149	5810.58	1950	13415
C3R1156	2018	9.9	12.3	11.95395833	12.95608333	10.99281944	7.945	10.051	9.012333333	17.153	16.415	13.39533333	1	110	4650.18	2220	30586.1
C3R1157	2018	9.85	12.3	11.95395833	12.95608333	10.99281944	7.945	10.051	9.012333333	17.153	16.415	13.39533333	2	110	5477.52	2220	45780.8
C3R1157	2019	7.866666667	10.075	10.49629167	10.5051875	9.134548611	7.82	5.77	3.702	13.666	15.318	14.21233333	2	150	4553	1518	26375.85
C3R1158	2018	10.81666667	13.7	11.95395833	12.95608333	10.99281944	7.945	10.051	9.012333333	17.153	16.415	13.39533333	1	85	3697.59	1830	27687.6
C3R1158	2019	8.966666667	12.896	10.11066667	6.787791667	4.68775	4.402	0.934	1.116333333	15.318	12.001	8.200333333	1	92	4942.815	1910	29972.55
C3R1159	2018	8.683333333	12.7	12.678625	11.95395833	11.91740278	10.541	7.945	8.979	16.32	17.153	15.64833333	2	60	3941.79	1890	60203.2
C3R1159	2019	11.4	7.066	5.437604167	6.013395833	6.071833333	3.327	2.744	3.492	8.07	9.238	8.922666667	2	65	3952.46	1740	26501.64
C3R1160	2018	8.45	13.1	13.83879167	12.678625	12.52955556	8.045	10.541	9.512333333	20.031	16.32	16.62933333	1	80	5368.86	1740	36330
C3R1160	2018	10	16.7	15.66441667	12.85729167	14.34141667	13.714	10.59	10.97966667	18.985	14.601	17.50766667	1	90	1155.18	1650	7087
C3R1161	2018	8.3	12	14.79133333	13.83879167	12.82379167	9.558	8.045	8.843666667	20.793	20.031	17.83466667	1	80	1826.19	2100	28213.8
C3R1161	2019	8.433333333	11.273	9.877229167	10.49629167	10.37071528	6.99	7.82	5.997333333	12.413	13.666	14.76733333	1	65	2608.44	1420	18181.95
C3R1162	2018	8.2	14.9	15.03158333	15.26708333	14.63240278	11.953	11.759	9.787333333	17.915	20.293	20.37233333	1	140	10918.74	2700	37820.3
C3R1162	2019	10	7.795	6.866479167	5.437604167	6.161902778	3.696	3.327	3.413	9.977	8.07	9.299333333	1	85	2312.7	1620	24854.1
C3R1163	2018	8.666666667	14.9	15.03158333	15.26708333	14.63240278	11.953	11.759	9.787333333	17.915	20.293	20.37233333	2	150	8110.56	2040	30822.95
C3R1163	2019	9.75	7.54	6.866479167	5.437604167	6.161902778	3.696	3.327	3.413	9.977	8.07	9.299333333	2	140	7408.01	1908	14125.25
C3R1164	2018	10.41666667	17.8	15.96045833	15.03158333	15.03	10.687	11.953	11.09	21.604	17.915	19.667	1	175	5042.34	2100	25608.7
C3R1166	2018	10.56666667	21.4	17.960875	19.97691667	19.65701389	14.433	14.792	14.05733333	24.629	24.363	24.067	1	80	2853.27	1920	16219.6
C3R1167	2018	9.8	18.7	17.00445833	17.960875	19.33894444	13.738	14.433	14.353	20.817	24.629	24.58066667	2	80	2689.8	1830	31394.65
C3R1167	2019	10.05	5.77	5.437604167	6.013395833	6.071833333	3.327	2.744	3.492	8.07	9.238	8.922666667	2	105	1607.73	1740	38448.6
C3R1168	2018	10.01666667	22.5	19.19691667	18.64983333	17.81	15.652	14.17	14.20166667	22.321	22.609	22.27533333	2	150	5219.94	1940	24045.1
C3R1169	2018	9.266666667	16.5	16.09504167	16.2295	15.67645833	13.81	13.112	11.071	19.199	20.96	20.11166667	2	73	2156.58	1560	16160.3
C3R1169	2019	8.116666667	6.026	6.866479167	5.437604167	6.161902778	3.696	3.327	3.413	9.977	8.07	9.299333333	2	75	3537.84	1665	25965.72
C3R1170	2018	9.083333333	18.8	19.815	17.40708333	16.57720833	14.553	13.642	13.52133333	24.195	20.889	20.34933333	2	90	3980.94	2340	21099.45
C3R1302	2017	8.55	10.77	12.0935	9.161791667	8.748791667	3.591	6.408	5.843666667	19.984	13.016	13.31233333	1	128	1366.83	1789	2889.95
C3R1304	2017	11.46666667	13.23	8.282375	8.802208333	7.321638889	4.766	6.357	3.974666667	14.218	12.703	12.369	2	93	3419.88	1791	11335.85
C3R1304	2017	8.333333333	13.6	16.20604167	13.19804167	12.00141667	10.614	6.611	8.04	21.748	18.033	15.60133333	2	148	1780.26	1780	16974.75
C3R1304	2018	10.48333333	14.5	10.84216667	9.180208333	11.32683333	8.941	8.045	9.548333333	13.377	10.394	13.98333333	2	85	2285.01	2010	23137.75
C3R1308	2017	9.6	11.9	12.0935	9.161791667	8.748791667	3.591	6.408	5.843666667	19.984	13.016	13.31233333	2	130	9764.43	1800	32718.05
C3R1309	2017	9.766666667	12.8	12.0935	9.161791667	8.748791667	3.591	6.408	5.843666667	19.984	13.016	13.31233333	1	139	3575.7	1725	14201.25
C3R1309	2018	9.416666667	19.4	17.40708333	16.09504167	16.21102778	13.642	13.81	12.357	20.889	19.199	20.48433333	1	85	1155.18	NA	NA
C3R1309	2018	10.58333333	21.8	19.815	17.40708333	16.57720833	14.553	13.642	13.52133333	24.195	20.889	20.34933333	1	110	2285.01	1500	6569.65
C3R1312	2017	8.916666667	8.62	9.161791667	8.282375	8.350333333	6.408	4.766	4.64	13.016	14.218	13.497	2	180	1015.92	1920	19313
C3R1312	2019	8.666666667	7.56	6.013395833	7.034708333	7.359777778	2.744	4.168	4.907333333	9.238	10.59	9.981	2	82	4809.12	1860	16402.8
C3R1313	2017	11.4	11.42	8.579541667	6.46875	8.018486111	1.398	4.48	6.021666667	15.915	9.089	9.965666667	1	105	3519.24	1809	23083.8
C3R1313	2018	11.11666667	14.8	12.95608333	10.84216667	10.31377778	10.051	8.941	8.601	16.415	13.377	12.439	1	90	2219.04	1680	10896.2
C3R1313	2019	10.86666667	16.963	13.33585417	11.48041667	10.56029167	6.687	7.77	8.690666667	18.652	15.342	12.80666667	1	135	1892.1	1550	20332.08
C3R1415	2019	9.5	3.801	5.167395833	9.877229167	10.29290278	3.564	6.99	6.86	6.94	12.413	13.799	1	NA	NA	NA	NA
C3R6833	2018	9.883333333	20.2	18.6735	17.40425	16.13209722	13.425	10.467	11.03566667	23.28	22.441	20.65333333	1	120	2002.14	2040	21544.95
C3Y2109	2019	12.13333333	7.544	5.437604167	6.013395833	6.071833333	3.327	2.744	3.492	8.07	9.238	8.922666667	2	120	2273.98	NA	NA
C3Y2160	2019	9.266666667	12.04	10.49629167	10.5051875	9.134548611	7.82	5.77	3.702	13.666	15.318	14.21233333	2	95	3689.33	1560	38500.2
C3Y2222	2019	8.233333333	7.32	6.013395833	7.034708333	7.359777778	2.744	4.168	4.907333333	9.238	10.59	9.981	1	105	1842.36	1980	13458.24
C3Y2247	2019	9.066666667	11.637	11.48041667	10.3676875	10.37793056	7.77	9.213	9.483666667	15.342	12.195	11.46633333	2	70	3012.61	1860	37797.78
C3Y2248	2019	10	13.57	10.49629167	10.5051875	9.134548611	7.82	5.77	3.702	13.666	15.318	14.21233333	1	88	1394.39	1640	20643
C3Y2254	2019	12.75	15.17	10.11066667	6.787791667	4.68775	4.402	0.934	1.116333333	15.318	12.001	8.200333333	1	89	5951.865	NA	NA
C3Y2267	2019	12.75	7.91	5.437604167	6.013395833	6.071833333	3.327	2.744	3.492	8.07	9.238	8.922666667	1	100	1123.3	1680	24534.09
C5E9101	2019	12.46666667	6.661	4.320979167	2.954479167	5.293631944	1.18	1.235	3.137666667	7.343	5.257	8.566333333	2	80	2469.6	2000	47432.64
C5E9102	2019	12.43333333	15.031	10.11066667	6.787791667	4.68775	4.402	0.934	1.116333333	15.318	12.001	8.200333333	2	55	1821.615	1833	12514.53
C5E9103	2019	8.783333333	7.318	7.034708333	5.167395833	8.513638889	4.168	3.564	6.124666667	10.59	6.94	11.00633333	1	115	5872.17	1905	33644.82
C5E9104	2019	11.08333333	12.896	10.5051875	10.11066667	7.073145833	5.77	4.402	2.172	15.318	15.318	11.554	1	110	3742.068	1500	18596.04
C5E9105	2019	11.78333333	11.467	10.49629167	10.5051875	9.134548611	7.82	5.77	3.702	13.666	15.318	14.21233333	2	112	2046.06	1497	21470.28
C5E9108	2019	12.75	6.45	4.320979167	2.954479167	5.293631944	1.18	1.235	3.137666667	7.343	5.257	8.566333333	1	170	360.36	1740	23789.28
C5E9109	2019	10.2	9.66	6.787791667	4.320979167	4.187590278	0.934	1.18	1.234666667	12.001	7.343	7.811333333	2	150	6197.468571	1920	27161.2
C5E9111	2019	8.05	10.98	10.11066667	6.787791667	4.68775	4.402	0.934	1.116333333	15.318	12.001	8.200333333	1	80	2436.855	1830	25219.23
C5E9112	2019	9.616666667	12.896	10.5051875	10.11066667	7.073145833	5.77	4.402	2.172	15.318	15.318	11.554	2	120	3439.05	NA	NA
C5E9113	2019	8.033333333	10.418	10.5051875	10.11066667	7.073145833	5.77	4.402	2.172	15.318	15.318	11.554	2	90	4544.475	1553	24320.37
C5E9114	2019	9.833333333	12.94	10.5051875	10.11066667	7.073145833	5.77	4.402	2.172	15.318	15.318	11.554	1	120	4784.5525	1728	25231.77
C5E9115	2019	10.65	13.329	10.5051875	10.11066667	7.073145833	5.77	4.402	2.172	15.318	15.318	11.554	2	135	3130.275	1500	36975.15
C5E9116	2019	8.016666667	10.075	10.49629167	10.5051875	9.134548611	7.82	5.77	3.702	13.666	15.318	14.21233333	1	130	2568.828	1531	26698.5
C5E9117	2019	9	11.419	10.49629167	10.5051875	9.134548611	7.82	5.77	3.702	13.666	15.318	14.21233333	1	120	5820.31	1628	19455.39
C5E9119	2019	10.31666667	13.39	10.49629167	10.5051875	9.134548611	7.82	5.77	3.702	13.666	15.318	14.21233333	2	98	2941.64	1391	19699.83
C5E9120	2019	10.93333333	12.871	10.49629167	10.5051875	9.134548611	7.82	5.77	3.702	13.666	15.318	14.21233333	2	100	3569.11	1560	26269.35
C5E9121	2019	10.1	12.389	9.877229167	10.49629167	10.37071528	6.99	7.82	5.997333333	12.413	13.666	14.76733333	2	72	1875.09	1319	30360.72
C5E9122	2019	10.06666667	12.389	9.877229167	10.49629167	10.37071528	6.99	7.82	5.997333333	12.413	13.666	14.76733333	1	76	1627.68	1660	14796.81
C5E9123	2019	7.55	7.494	6.013395833	7.034708333	7.359777778	2.744	4.168	4.907333333	9.238	10.59	9.981	2	95	6572.23	1970	34591.41
C5E9124	2019	8.75	7.56	6.013395833	7.034708333	7.359777778	2.744	4.168	4.907333333	9.238	10.59	9.981	1	120	2081.48	1920	27357.15
C5E9125	2019	9.883333333	6.813	6.013395833	7.034708333	7.359777778	2.744	4.168	4.907333333	9.238	10.59	9.981	1	160	6673.93	1620	26973.84
C5E9126	2019	10.53333333	7.945	6.013395833	7.034708333	7.359777778	2.744	4.168	4.907333333	9.238	10.59	9.981	2	100	5531.49	1710	27566.04
C5E9127	2019	10.63333333	7.945	6.013395833	7.034708333	7.359777778	2.744	4.168	4.907333333	9.238	10.59	9.981	1	150	4798.83	2085	29972.85
C5E9128	2019	11.08333333	6.788	5.437604167	6.013395833	6.071833333	3.327	2.744	3.492	8.07	9.238	8.922666667	2	95	4858.1	1800	34964.61
C5E9129	2019	9.716666667	14.29	11.30722917	6.866479167	6.105826389	2.877	3.696	3.255666667	17.938	9.977	9.095	1	NA	NA	1920	30423.57
C5E9130	2019	9.583333333	13.954	11.30722917	6.866479167	6.105826389	2.877	3.696	3.255666667	17.938	9.977	9.095	2	90	3158.62	1620	40244.34
C5E9131	2019	10.53333333	15.461	11.30722917	6.866479167	6.105826389	2.877	3.696	3.255666667	17.938	9.977	9.095	1	73	619.27	1890	15182.52
C5E9132	2019	10.8	15.6	11.30722917	6.866479167	6.105826389	2.877	3.696	3.255666667	17.938	9.977	9.095	2	140	2679.73125	1650	30894
C5E9133	2019	9.466666667	15.461	13.58072917	13.493	10.55556944	7.995	6.712	4.428333333	19.674	19.222	15.71233333	1	80	1207.75	2100	28326.24
C5E9134	2019	11.15	17.391	13.58072917	13.493	10.55556944	7.995	6.712	4.428333333	19.674	19.222	15.71233333	2	80	2182.52	1560	25640.88
C5E9145	2019	9.8	16.368	13.33585417	11.48041667	10.56029167	6.687	7.77	8.690666667	18.652	15.342	12.80666667	1	90	3625.96	1590	24897.18
C5E9146	2019	11.25	15.74	13.33585417	11.48041667	10.56029167	6.687	7.77	8.690666667	18.652	15.342	12.80666667	2	130	4961.13	1540	34004.88
C5E9158	2019	10.75	20.7	16.83464583	13.687875	11.52888889	10.271	10.124	8.393333333	22.034	17.629	14.814	1	125	2113.47	1860	29436.78
C5E9159	2019	12.66666667	21.45	16.83464583	13.687875	11.52888889	10.271	10.124	8.393333333	22.034	17.629	14.814	2	70	2830.75	NA	NA
C5E9160	2019	8.666666667	21.96	19.67845833	19.09639583	16.53963889	12.92	12.654	11.01633333	25.89	24.774	21.479	1	100	2201.31	1665	19645.05
C5E9161	2019	8.9	22.321	19.67845833	19.09639583	16.53963889	12.92	12.654	11.01633333	25.89	24.774	21.479	2	80	1765.06	1725	19759.83
C5E9195	2019	9.733333333	12.72	11.48041667	10.3676875	10.37793056	7.77	9.213	9.483666667	15.342	12.195	11.46633333	2	75	9269.54	1860	11506.29
C5E9196	2019	12.1	11.637	10.5051875	10.11066667	7.073145833	5.77	4.402	2.172	15.318	15.318	11.554	1	128	8100.675	1421	37095.63
C5E9197	2019	8.8	12.896	10.11066667	6.787791667	4.68775	4.402	0.934	1.116333333	15.318	12.001	8.200333333	2	120	3810.135	NA	NA
